Test data: 500000 matrices = 30.52MiB
461.838 284.856
492.931 93.286
492.231 103.171
453.95 90.211
454.972 93.123
496.359 100.181
458.51 91.036
451.73 91.645
493.765 98.993
453.59 91.619
450.321 311.432
553.741 100.417
455.775 94.306
454.384 107.997
498.799 98.899
454.224 89.719
454.561 92.462
494.475 100.157
450.454 505.517
509.881 92.832
498.311 102.378
456.771 91.409
462.056 93.103
497.869 100.591
453.703 90.242
450.955 118.119
628.244 365.844
492.758 90.628
458.986 92.242
496.487 102.475
453.952 90.415
458.302 93.36
495.165 102.884
454.024 91.736
507.118 564.82
565.983 100.658
457.659 89.434
453.612 107.408
495.839 99.552
454.778 92.07
452.629 90.44
494.858 100.651
451.135 383.157
511.427 91.07
500.423 101.673
454.133 93.234
454.107 92.499
495.78 99.269
460.437 90.976
452.926 115.271
495.37 316.841
502.705 92.058
461.629 93.01
498.105 100.725
454.052 95.048
452.69 94.606
494.684 102.575
456.274 90.551
452.027 93.839
496.762 300.657
495.988 93.661
461.121 107.484
498.246 101.84
454.689 90.48
456.863 92.485
495.598 100.067
452.26 91.27
451.261 90.672
492.922 573.942
494.591 94.231
458.856 91.72
499.548 103.593
455.021 92.777
454.223 92.702
495.823 99.186
452.028 90.948
469.092 511.447
560.489 99.606
456.688 92.238
454.603 89.42
496.831 101.027
452.416 90.668
453.343 92.273
497.854 100.434
454.636 485.22
497.132 93.702
499.353 101.199
456.669 91.797
456.434 92.219
496.317 99.097
453.418 89.439
451.937 92.547
494.826 517.918
497.187 93.49
456.451 90.493
506.389 101.801
456.774 103.834
454.498 91.383
496.761 100.526
451.905 89.312
450.709 189.513
553.993 99.449
462.4 92.241
457.512 90.885
497.312 100.468
454.491 92.749
454.554 92.316
496.547 96.534
463.287 116.645
451.076 331.917
575.281 94.034
461.563 92.417
454.44 92.877
498 100.013
454.295 91.591
452.48 91.876
495.094 102.498
452.239 491.447
518.994 92.095
499.761 102.107
458.97 107.546
453.844 93.185
497.45 100.92
456.496 90.494
452.173 91.956
494.234 512.829
506.886 93.633
456.795 91.812
497.409 100.711
454.584 96.818
455.062 91.898
497.036 102.075
452.869 117.67
501.517 468.263
559.378 100.825
456.544 94.417
453.18 91.732
497.825 102.643
454.568 93.131
452.864 94.985
493.974 101.564
452.263 490.477
503.007 92.803
499.837 115.718
454.303 91.93
453.433 90.88
496.686 95.344
456.33 92.735
453.626 89.645
494.48 600.494
495.752 93.11
456.361 91.838
498.443 98.794
454.58 92.717
452.923 89.589
497.088 128.06
452.477 93.088
452.489 416.381
553.701 99.546
456.489 93.369
455.232 93.263
498.532 99.962
453.083 91.758
454.248 89.486
496.026 100.661
451.563 91.617
705.373 91.631
510.376 121.815
506.575 91.642
454.36 90.577
514.837 98.602
453.96 93.025
458.399 89.963
495.168 99.294
455.713 244.686
520.315 93.208
500.692 100.79
454.817 91.71
454.54 91.671
498.389 123.285
453.454 94.022
454.198 91.757
497.957 100.395
453 524.459
538.609 93.333
553.581 101.388
454.575 95.445
454.734 96.022
497.778 101.784
455.169 92.947
508.166 90.976
547.071 278.491
492.217 92.268
460.221 90.902
497.437 99.348
454.206 91.851
454.251 90.431
496.802 99.348
452.882 92.102
451.719 481.955
630.405 101.738
462.727 92.943
455.989 94.625
497.512 114.903
454.745 90.761
454.004 92.957
496.097 101.072
452.019 417.189
538.349 95.028
499.234 96.532
458.059 90.683
452.7 92.607
495.815 99.999
451.344 91.481
451.317 91.276
494.236 120.164
451.967 92.932
476.079 162.228
540.543 104
457.042 95.256
458.979 96.67
497.808 103.235
453.046 95.183
455.902 97.342
501.728 101.496
450.34 94.368
449.69 490.211
558.596 118.43
458.313 93.369
454.338 92.375
497.991 100.027
453.818 92.642
461.732 92.75
495.8 100.423
450.38 410.284
498.761 93.256
502.424 100.853
457.88 92.123
453.027 92
505.56 142.992
484.806 92.846
452.575 93.678
494.502 465.443
505.005 94.88
456.661 93.311
496 101.493
455.388 91.295
451.615 91.83
500.561 100.371
451.511 91.97
452.351 217.88
544.269 118.61
461.057 92.598
462.3 90.789
496.817 99.415
455.425 90.638
457.584 90.508
495.404 99.094
454.624 91.68
450.625 367.213
546.945 99.99
457.034 91.988
455.252 90.623
496.328 118.233
458.905 91.827
457.005 94.209
495.642 95.29
456.028 441.908
509.976 90.076
501.217 102.535
454.93 94.409
452.982 91.772
497.552 100.575
453.248 93.305
454.462 91.856
494.693 649.423
512.944 92.904
457.639 91.407
497.209 99.54
454.871 90.427
455.175 90.933
496.402 95.032
457.035 92.776
450.277 355.177
554.417 94.996
460.584 93.059
455.354 89.868
497.053 120.509
460.925 91.458
452.905 94.39
453.268 136.797
460.696 179.756
509.341 91.847
466.207 135.715
465.217 92.329
453.482 89.91
453.005 137.17
464.407 92.967
453.206 91.356
453.587 149.702
461.221 403.633
499.096 92.644
463.939 133.286
463.676 92.271
452.151 91.638
454.776 134.384
461.495 92.668
451.565 90.416
451.213 623.722
513.574 91.033
456.157 93.819
460.64 204.415
470.148 91.72
455.042 91.672
456.429 136.201
463.369 92.358
449.336 279.174
525.699 176.055
496.248 95.314
454.522 93.251
453.316 136.975
462.961 92.628
455.316 108.082
451.061 133.237
459.25 529.06
512.197 93.211
465.898 133.299
463.154 92.858
457.436 93.435
454.944 134.575
461.069 92.809
452.463 91.722
448.932 647.53
474.897 91.361
457.378 113.659
456.053 136.722
462.471 91.767
455.663 91.972
453.008 137.001
460.895 90.992
495.904 349.836
493.411 132.929
466.949 93.71
454.654 95.597
453.96 188.045
469.095 93.809
454.753 106.982
454.412 133.63
538.418 490.446
493.68 92.086
457.845 134.509
463.158 92.797
466.224 91.509
454.787 135.861
462.119 93.902
452.903 92.517
449.516 638.715
470.126 92.685
454.87 115.104
456.592 134.371
461.908 94.776
455.362 91.117
452.73 137.913
461.318 89.962
451.411 405.09
497.16 134.456
466.536 92.29
452.228 91.779
453.672 135.077
463.383 93.262
450.278 105.562
451.563 134.247
458.762 92.539
451.644 139.985
516.752 135.785
474.19 92.606
452.462 91.243
453.306 136.953
463.126 94.017
451.455 90.589
453.03 176.057
509.357 92.588
451.317 483.223
505.914 133.05
467.599 91.32
453.873 93.547
487.757 134.86
463.406 92.629
453.784 92.935
454.025 134.711
458.716 367.232
512.598 92.974
457.496 137.49
463.429 92.68
454.657 111.842
455.049 132.709
461.255 92.066
451.397 94.766
450.339 500.272
519.557 90.562
457.514 92.837
454.608 133.916
461.688 93.18
458.05 91.65
453.501 135.733
461.326 92.582
448.86 127.22
485.219 134.564
470.449 243.405
514.074 94.194
455.259 134.827
462.993 91.976
452.387 92.571
455.843 133.679
462.767 91.88
453.255 90.128
449.977 338.115
498.974 91.751
453.888 106.817
509.102 173.836
519.452 87.579
474.606 95.764
453.192 135.793
464.981 93.199
451.466 91.706
451.882 133.389
457.477 98.365
460.22 93.581
458.965 133.432
463.253 123.406
495.532 93.869
453.169 135.093
461.486 92.074
450.827 92.559
453.195 523.075
545.006 92.617
456.626 93.057
454.303 138.711
464.764 91.657
451.337 91.759
453.836 136.583
463.731 106.955
454.903 451.022
505.181 133.612
464.805 90.07
452.729 91.897
453.92 180.152
482.54 92.61
453.486 90.574
450.916 133.463
459.68 474.716
499.259 90.822
458.873 134.695
463.137 109.401
453.733 93.721
458.827 134.272
461.253 93.845
455.736 93.674
468.549 649.164
495.545 92.043
455.351 92.227
454.874 135.139
462.916 92.113
450.108 94.292
454.133 132.993
460.715 107.889
451.23 368.818
488.878 136.639
477.864 90.981
452.049 90.79
453.796 133.609
463.321 91.671
451.083 90.506
452.052 134.222
459.565 91.772
452.746 357.784
507.913 134.63
467.578 105.054
452.478 92.861
460.356 133.82
463.74 92.775
453.729 91.944
452.298 134.229
458.911 90.482
451.96 247.956
531.413 134.55
466.189 92.328
453.109 90.821
454.55 135.155
462.817 114.009
452.347 92.274
452.007 136.656
460.422 93.503
448.487 641.737
514.008 134.747
477.983 255.715
492.496 262.021
490.951 133.36
465.013 93.399
451.154 94.193
451.515 377.501
467.538 90.971
457.436 91.408
454.46 135.033
463.87 91.093
453.925 90.377
451.538 135.669
460.773 91.883
459.868 90.617
455.535 367.01
477.079 91.614
455.67 92.814
455.142 208.574
463.833 92.783
452.764 93.568
453.315 134.066
461.211 91.951
448.203 91.429
450.322 583.781
480.173 92.422
455.11 93.145
453.695 134.33
465.214 92.428
453.028 93.989
452.017 146.876
460.229 91.296
453.189 477.378
507.188 136.267
465.532 91.919
454.584 90.614
454.842 135.635
462.611 92.253
454.11 93.344
451.876 172.693
511.853 414.528
501.715 92.766
462.307 147.834
462.939 92.328
451.959 94.291
454.104 135.422
462.263 94.739
451.765 92.252
505.173 617.987
475.489 92.611
455.992 94.262
454.912 138.782
464.033 92.513
455.164 93.373
451.861 194.624
484.202 93.359
451.267 328.489
489.606 134.52
466.308 91.09
452.026 91.719
453.213 133.414
462.53 90.158
451.074 92.954
463.606 183.945
460.384 237.18
489.842 92.244
461.299 144.47
466.496 92.302
452.288 93.039
454.469 138.152
463.494 90.861
452.364 93.654
451.838 136.863
458.633 357.462
507.757 91.951
456.386 134.458
462.307 92.999
457.074 92.469
452.415 148.46
464.156 89.84
453.979 93.198
451.262 572.271
469.603 94.315
454.926 91.86
455.138 136.195
462.652 93.527
453.036 91.781
460.25 138.079
463.258 91.672
449.465 93.554
456.249 643.206
475.243 93.746
459.74 90.147
457.078 135.196
467.58 91.227
453.556 90.892
453.574 136.408
461.175 93
451.517 531.094
496.399 133.859
465.847 91.419
456.26 92.246
455.283 159.582
463.03 92.289
452.674 93.804
452.237 144.692
459.914 423.01
516.555 92.039
457.579 134.399
462.877 92.128
454.477 93.324
454.655 136.001
461.114 92.074
451.055 105.166
451.064 132.831
458.374 118.162
462.976 94.46
458.289 134.529
462.663 92.818
453.76 93.364
456.958 134.632
461.703 90.779
452.898 92.886
451.165 629.281
518.138 93.04
457.481 113.885
454.498 175.726
512.951 96.546
456.32 93.96
455.112 134.462
465.979 93.701
457.022 93.132
464.082 370.608
470.917 94.428
456.896 92.103
457.154 135.639
462.032 91.92
455.192 106.024
507.414 172.235
528.829 90.727
456.447 438.241
511.608 134.921
465.93 92.148
458.752 89.695
454.966 135.195
462.71 91.938
454.935 90.725
452.037 134.192
460.799 501.206
512.128 123.983
506.034 136.965
462.613 91.996
461.57 92.368
458.028 133.733
461.206 92.03
452.02 92.806
453.063 541.344
489.309 94.463
455.954 91.803
454.039 134.232
462.212 93.384
453.925 108.384
452.773 132.741
461.675 90.281
451.184 490.884
509.413 135.694
466.142 93.124
453.453 89.498
454.398 135.72
463.544 92.798
450.977 90.128
451.029 135.428
461.186 713.483
521.965 90.348
458.257 135.284
462.984 92.797
453.363 90.551
454.557 134.662
462.327 92.098
458.773 90.802
450.857 435.891
490.049 93.221
457.783 89.969
459.788 137.297
461.466 93.128
452.966 92.85
452.031 136.286
461.969 92.062
450.078 536.97
513.47 135.645
467.553 92.444
452.368 88.176
459.666 134.632
463.004 92.918
452.143 94.079
451.673 138.995
471.72 451.378
516.157 91.827
457.148 135.758
462.642 93.056
454.063 89.671
453.351 135.589
460.923 92.254
451.793 90.444
451.018 173.732
510.535 91.874
461.924 91.76
456.9 133.456
465.258 121.465
500.473 91.08
455.149 134.85
465.092 92.045
454.027 94.228
449.497 456.338
469.687 92.208
455.709 95.388
471.593 134.257
462.358 92.017
453.596 92.395
453.705 133.903
459.673 91.97
458.261 491.049
511.217 134.915
465.818 92.183
455.088 90.598
465.882 133.798
463.472 91.799
461.216 89.536
453.956 134.774
458.497 513.319
509.493 93.437
469.761 133.239
462.977 119.467
500.433 93.865
455.873 136.136
461.462 94.18
455.13 90.867
451.745 572.665
478.043 93.091
457.247 92.527
457.167 140.336
467.409 92.598
454.968 92.503
452.401 140.157
465.419 108.206
453.09 450.728
509.235 135.801
465.691 94.029
454.331 93.609
453.987 133.426
463.92 92.145
455.159 89.584
453.274 136.18
459.819 602.139
522.702 92.671
457.039 133.149
463.686 120.589
506.578 89.86
456.618 135.98
462.745 92.099
453.436 92.607
449.178 410.928
488.586 93.666
456.815 93.384
453.667 132.996
463.371 94.442
453.764 94.23
453.107 136.029
458.871 108.991
449.376 250.026
483.86 133.495
473.804 92.726
456.141 93.511
455.539 135.612
463.008 91.925
453.81 90.564
454.373 182.71
475.303 93.321
452.18 298.43
506.954 134.335
464.583 105.788
453.974 90.739
455.328 133.924
462.498 93.261
451.425 90.766
463.358 136.012
460.929 92.166
564.07 464.093
494.697 136.053
468.581 92.978
452.206 90.701
458.93 134.517
462.803 115.172
451.334 93.312
453.027 134.877
457.946 91.869
448.484 515.99
506.655 136.224
466.044 93.528
450.777 93.772
452.599 133.992
462.5 95.342
463.181 89.072
452.551 135.133
458.735 520.837
498.811 91.015
455.572 136.239
462.644 92.679
451.342 92.818
453.018 135.225
462.72 92.921
452.687 92.188
450.802 652.316
515.43 91.258
457.374 91.987
454.714 134.203
461.471 118.73
458.765 91.466
456.763 179.457
488.428 93.377
449.079 269.937
478.778 136.514
467.205 93.572
452.331 92.362
722.726 137.182
467.342 94.508
453.626 93.416
456.343 133.727
462.933 179.359
509.034 91.083
454.637 137.364
462.801 92.571
454.476 90.566
453.756 133.673
459.279 92.95
452.634 91.435
453.89 135.002
463.803 162.517
515.987 90.605
456.013 135.729
462.991 91.266
457.628 93.927
505.281 179.025
484.545 94.782
451.327 91.902
456.542 136.768
461.134 442.892
511.424 93.344
458.319 138.081
464.657 95.161
451.692 94.522
453.436 135.765
461.717 117.45
451.256 92.917
453.206 621.07
471.553 92.313
455.897 94.756
455.236 134.78
463.883 93.695
452.915 90.614
452.614 135.102
459.176 104.944
456.144 91.778
503.656 603.951
490.541 92.434
464.132 91.873
454.05 135.274
467.104 95.011
459.254 92.555
454.578 181.991
474.277 93.149
450.349 392.516
500.759 172.303
518.881 93.017
453.948 93.779
454.074 189.106
513.013 91.707
465.9 91.645
453.688 137.136
460.736 316.359
498.293 93.31
456.517 133.269
463.619 90.804
453.686 93.032
451.107 133.996
463.379 91.625
450.492 90.47
451.208 387.007
463.105 95.226
460.864 94.164
451.736 136.299
464.092 91.617
453.813 93.262
454.42 135.597
463.213 94.497
451.713 93.067
457.124 365.812
482.704 92.976
459.719 93.298
454.571 147.604
463.887 89.868
455.613 91.558
453.171 136.473
459.159 90.821
450.427 92.432
451.794 661.035
487.982 93.139
460.369 93.784
454.738 134.947
462.363 91.483
453.094 91.709
454.178 160.672
459.25 94.317
450.58 382.447
512.384 135.844
465.138 90.159
454.299 92.09
454.612 133.978
463.135 93.986
453.027 91.897
451.288 134.953
458.354 339.249
507.65 92.614
460.521 148.284
463.26 90.875
454.999 92.369
453.464 133.815
463.553 90.345
458.386 92.505
449.538 133.78
463.751 226.3
512.941 92.017
456.909 135.352
463.265 92.849
454.029 90.178
453.803 155.471
461.016 91.288
450.568 93.65
452.602 134.214
460.115 497.245
539.623 91.542
456.67 139.157
464.867 92.305
452.763 93.042
454.224 186.089
469.854 92.838
452.658 95.044
450.462 147.005
458.932 527.588
509.358 92.032
457.337 136.274
463.467 91.117
455.343 92.981
454.069 135.294
461.411 91.737
450.313 100.31
452.73 607.591
494.847 94.501
456.197 92.011
454.293 148.335
462.682 91.616
451.619 93.704
453.242 134.042
460.013 90.527
450.008 467.125
497.185 133.418
465.135 90.983
452.934 93.333
455.139 133.01
463.818 89.927
452.42 92.117
451.68 204.6
461.874 482.106
503.687 91.452
456.043 178.571
485.944 92.024
452.301 94.564
452.477 133.812
461.176 92.569
450.198 94.584
506.01 519.759
477.888 94.932
511.005 92.485
456.014 149.412
463.581 92.188
450.306 90.821
453.673 134.93
459.978 91.994
451.698 458.345
497.322 135.48
465.619 92.029
453.361 92.799
454.317 135.64
462.166 90.924
455.219 92.584
451.975 157.473
460.095 497.129
497.748 91.473
456.64 135.387
464.268 92.714
453.587 92.058
452.478 137.048
462.777 93.856
452.397 92.111
452.361 134.826
461.04 91.95
